image_feature [[0.05646913 0.00620434 0.132677   ... 0.00994864 0.11711527 0.10342795]
 [0.00250156 0.         0.08461243 ... 0.07594959 0.17485474 0.27578205]
 [0.         0.03194491 0.06323569 ... 0.         0.35992625 0.19580574]
 ...
 [0.2626221  0.04037024 0.32386503 ... 0.08481629 1.0141814  0.46356288]
 [0.01074426 0.         0.02239458 ... 0.03669621 0.2359537  0.19940886]
 [0.02180417 0.         0.00686195 ... 0.03788503 0.30554858 0.4249505 ]]


image_graph tensor([[100,  16,  42,  ..., 153, 182, 180],
        [  0,   0,   0,  ..., 195, 195, 195]])



syn_feature tensor([[-0.0213, -0.0567,  0.0694,  ...,  0.0719,  0.0389,  0.0403],
        [-0.0168, -0.0442,  0.0642,  ...,  0.0773,  0.0240,  0.0380],
        [-0.0234, -0.0559,  0.0663,  ...,  0.0675,  0.0384,  0.0399],
        ...,
        [-0.0222, -0.1089, -0.0045,  ...,  0.0821, -0.0073,  0.0483],
        [-0.0774, -0.0965,  0.0246,  ...,  0.1130,  0.0068,  0.0126],
        [-0.0148, -0.0453,  0.0639,  ...,  0.0754,  0.0258,  0.0366]],
       grad_fn=<CatBackward0>)
syn_graph tensor([[ 1, 10,  1,  1,  7,  6,  7,  1, 10, 10, 10, 12, 10, 12, 13, 12, 17, 15,
         17, 20, 18, 20, 23, 20, 20, 26, 20, 28, 29, 26, 29, 34, 34, 34, 30, 10],
        [ 0,  1,  2,  3,  4,  5,  6,  7,  8,  9, 10, 11, 12, 13, 14, 15, 16, 17,
         18, 19, 20, 21, 22, 23, 24, 25, 26, 27, 28, 29, 30, 31, 32, 33, 34, 35]])